After
NB: 0.858340
LR: 0.894120
RF: 0.845960
SVM: 0.896480
CART: 0.717680


