After
NB: 0.846720
LR: 0.881420
RF: 0.839480
SVM: 0.880440
CART: 0.703400


