After
NB: 0.856840
LR: 0.894100
RF: 0.846360
SVM: 0.893220
CART: 0.718100


