After
NB: 0.699240
LR: 0.708720
RF: 0.696480
SVM: 0.705940
CART: 0.635940


