After
NB: 0.518980
LR: 0.531280
RF: 0.530900
SVM: 0.529000
CART: 0.529280


