After
NB: 0.826680
LR: 0.856700
RF: 0.824580
SVM: 0.854660
CART: 0.686440


