After
NB: 0.859280
LR: 0.894620
RF: 0.843860
SVM: 0.898640
CART: 0.712020


