After
NB: 0.856940
LR: 0.893560
RF: 0.844340
SVM: 0.896520
CART: 0.719360


