After
NB: 0.858920
LR: 0.894980
RF: 0.842200
SVM: 0.898900
CART: 0.717480


