After
NB: 0.854540
LR: 0.890920
RF: 0.848700
SVM: 0.891000
CART: 0.717180


