After
NB: 0.679300
LR: 0.685440
RF: 0.668480
SVM: 0.680260
CART: 0.627380


