After
NB: 0.861860
LR: 0.895140
RF: 0.842760
SVM: 0.900900
CART: 0.714540


