After
NB: 0.799220
LR: 0.821040
RF: 0.788900
SVM: 0.817640
CART: 0.674680


