After
NB: 0.862680
LR: 0.896160
RF: 0.844320
SVM: 0.900780
CART: 0.712560


