After
NB: 0.861020
LR: 0.895420
RF: 0.844620
SVM: 0.899100
CART: 0.717160


