After
NB: 0.862740
LR: 0.895120
RF: 0.842780
SVM: 0.901740
CART: 0.716520


