After
NB: 0.862620
LR: 0.894600
RF: 0.842580
SVM: 0.901060
CART: 0.713220


