After
NB: 0.861940
LR: 0.895700
RF: 0.844700
SVM: 0.899820
CART: 0.716200


