After
NB: 0.861780
LR: 0.895760
RF: 0.844640
SVM: 0.900280
CART: 0.711740


