After
NB: 0.862780
LR: 0.895880
RF: 0.845960
SVM: 0.900100
CART: 0.717140


