After
NB: 0.862780
LR: 0.894680
RF: 0.842940
SVM: 0.900760
CART: 0.713000


